[ 1089.  2424. -1181.]
[-2558.  2354.  -123.]
[ -120. -2302.  1263.]
[-3738.  1243. -2420.]
[ 1131.  1153. -1155.]
[ -162.   -70. -3537.]
[ -181. -1128.  1195.]
[1113. 2390.  -18.]
[-2540.  1165. -1244.]
[-2417.    60. -2477.]
[-1379.  1282. -1255.]
[  -51. -1125.    25.]
[-2574.  1270.   -71.]
[-3715.  2434.     5.]
[1196.   42. 1106.]
[  -90.  1241. -2392.]
[ -107.  3542. -2489.]
[-2406.  1220. -4833.]
[  -62.  2435. -2459.]
[0 0 0]
[1143. 1287. -103.]
[-177.   -3. 1173.]
[-3690.    45. -1292.]
[-153. 1210.  -65.]
[-2497.  1296. -2362.]
[-2505.  1192. -3608.]
[ 1168.  1134. -2372.]
[-3625.  1310. -4845.]
[-3717.  1280. -1139.]
[1181.   98.  -42.]
[  -56.  1189. -1289.]
[ -175.  1304. -3558.]
[1097. 3619.   11.]
[ 2265.  2446. -1245.]
[ 1179.   -33. -2508.]
[-1331.  1311. -2360.]
[-1275.  1230. -3563.]